0 0.0625 0.4202625 0.10250000000000001 0.08067499999999998
0 0.1159375 0.910413 0.12687500000000002 0.11163199999999995
0 0.19625 0.6013135 0.05499999999999999 0.14634099999999997
0 0.1925 0.41463449999999996 0.037500000000000006 0.076923
0 0.2203125 0.4821765 0.020625000000000004 0.07317099999999993
0 0.36250000000000004 0.4188555 0.04375000000000001 0.038461000000000016
0 0.3578125 0.584897 0.026875000000000038 0.06660400000000012
0 0.4125 0.42776699999999995 0.04624999999999996 0.0881800000000001
0 0.416875 0.5023449999999999 0.05499999999999999 0.047841999999999996
0 0.47375 0.7087245 0.05624999999999997 0.1885550000000001
0 0.46468750000000003 0.5595684999999999 0.018125000000000002 0.032832999999999994
0 0.7262500000000001 0.8001875 0.13374999999999992 0.118199
0 0.728125 0.8691369999999999 0.13250000000000006 0.11350800000000007
0 0.8525 0.4258915 0.10375000000000001 0.076923
